{
  "advancedEditorSelectedIdentifier" : "ProjectBrowser",
  "openSceneRelativePaths" : [
    "Scene.usda",
    "ImmersiveSpace.usda"
  ],
  "recentIdentifiers" : {

  },
  "sceneCameraHistory" : {
    "4BEA4D23-7996-4FD9-B6AB-DC9309CE1528" : [
      {
        "date" : 713249133.40715802,
        "title" : "Untitled",
        "transform" : [
          1,
          0,
          0,
          0,
          0,
          0.86602568626403809,
          -0.49999943375587463,
          0,
          0,
          0.49999943375587463,
          0.86602568626403809,
          0,
          -0.019320933148264885,
          2.8436698913574219,
          -0.77890259027481079,
          1
        ]
      },
      {
        "date" : 713249065.88885999,
        "title" : "Untitled",
        "transform" : [
          1,
          0,
          0,
          0,
          0,
          0.86602568626403809,
          -0.49999943375587463,
          0,
          0,
          0.49999943375587463,
          0.86602568626403809,
          0,
          -0.019320962950587273,
          4.8634095191955566,
          5.4582271575927734,
          1
        ]
      }
    ],
    "36FB415C-7CD5-4BBD-B2FD-A41FB3B388CF" : [
      {
        "date" : 713251666.90662098,
        "title" : "Untitled",
        "transform" : [
          1,
          0,
          -0,
          0,
          -0,
          0.7071068286895752,
          -0.70710670948028564,
          0,
          0,
          0.70710670948028564,
          0.7071068286895752,
          0,
          0.021192848682403564,
          0.92432135343551636,
          0.48541462421417236,
          1
        ]
      },
      {
        "date" : 713251593.13950801,
        "title" : "Untitled",
        "transform" : [
          0.99999970197677612,
          1.8578666383106679e-11,
          -0.00072395621100440621,
          0,
          -0.00040302489651367068,
          0.83071500062942505,
          -0.55669772624969482,
          0,
          0.0006014013197273016,
          0.55669790506362915,
          0.83071482181549072,
          0,
          0.024024806916713715,
          1.5183440446853638,
          1.3270151615142822,
          1
        ]
      },
      {
        "date" : 713251578.27522898,
        "title" : "Untitled",
        "transform" : [
          1,
          0,
          -0,
          0,
          -0,
          0.7071068286895752,
          -0.70710670948028564,
          0,
          0,
          0.70710670948028564,
          0.7071068286895752,
          0,
          0.021126829087734222,
          1.762658953666687,
          1.0985090732574463,
          1
        ]
      },
      {
        "date" : 713251566.30445099,
        "title" : "Untitled",
        "transform" : [
          0.99998188018798828,
          2.2852009351481684e-06,
          0.0060285083018243313,
          0,
          0.003303819801658392,
          0.83624917268753052,
          -0.54833978414535522,
          0,
          -0.0050425874069333076,
          0.54834973812103271,
          0.83623391389846802,
          0,
          0,
          1.8287901878356934,
          1.8287903070449829,
          1
        ]
      },
      {
        "date" : 713251556.07447898,
        "title" : "Untitled",
        "transform" : [
          0.99937576055526733,
          -4.0072760043585731e-07,
          -0.035327963531017303,
          0,
          -0.012555575929582119,
          0.93471002578735352,
          -0.35518923401832581,
          0,
          0.033021546900272369,
          0.35541108250617981,
          0.93412655591964722,
          0,
          0.032097324728965759,
          0.74604254961013794,
          1.1636514663696289,
          1
        ]
      },
      {
        "date" : 713251545.29535306,
        "title" : "Untitled",
        "transform" : [
          1,
          0,
          -0,
          0,
          -0,
          0.86602568626403809,
          -0.49999943375587463,
          0,
          0,
          0.49999943375587463,
          0.86602568626403809,
          0,
          0.021192843094468117,
          1.1491589546203613,
          0.86004263162612915,
          1
        ]
      },
      {
        "date" : 713251290.00744796,
        "title" : "Untitled",
        "transform" : [
          1,
          0,
          -0,
          0,
          -0,
          0.86602568626403809,
          -0.49999943375587463,
          0,
          0,
          0.49999943375587463,
          0.86602568626403809,
          0,
          0.021192843094468117,
          1.1491588354110718,
          0.86004257202148438,
          1
        ]
      },
      {
        "date" : 713251279.47737801,
        "title" : "Untitled",
        "transform" : [
          1,
          0,
          -0,
          0,
          -0,
          0.86602568626403809,
          -0.49999943375587463,
          0,
          0,
          0.49999943375587463,
          0.86602568626403809,
          0,
          0.021192843094468117,
          2.401890754699707,
          1.3437732458114624,
          1
        ]
      },
      {
        "date" : 713249541.13437605,
        "title" : "Untitled",
        "transform" : [
          1,
          0,
          0,
          0,
          0,
          0.86602568626403809,
          -0.49999943375587463,
          0,
          0,
          0.49999943375587463,
          0.86602568626403809,
          0,
          -0.019320933148264885,
          2.8431718349456787,
          0.71528875827789307,
          1
        ]
      },
      {
        "date" : 713249408.51143003,
        "title" : "Untitled",
        "transform" : [
          1,
          0,
          0,
          0,
          0,
          0.86602568626403809,
          -0.49999943375587463,
          0,
          0,
          0.49999943375587463,
          0.86602568626403809,
          0,
          -0.019320962950587273,
          4.8634095191955566,
          5.4582271575927734,
          1
        ]
      }
    ],
    "90C576A0-F90A-43B8-9998-14918A66F863" : [
      {
        "date" : 713249123.69350505,
        "title" : "Untitled",
        "transform" : [
          1,
          0,
          0,
          0,
          0,
          0.86602526903152466,
          -0.5000002384185791,
          0,
          0,
          0.5000002384185791,
          0.86602526903152466,
          0,
          0,
          0.27024418115615845,
          0.46807640790939331,
          1
        ]
      },
      {
        "date" : 713244930.23376703,
        "title" : "Untitled",
        "transform" : [
          1,
          0,
          0,
          0,
          0,
          0.86602526903152466,
          -0.5000002384185791,
          0,
          0,
          0.5000002384185791,
          0.86602526903152466,
          0,
          0,
          0.37734982371330261,
          0.65358912944793701,
          1
        ]
      }
    ],
    "218E7B9E-CFA5-4710-B560-F74AA6F476CB" : [
      {
        "date" : 713245601.40018296,
        "title" : "Untitled",
        "transform" : [
          0.99849128723144531,
          5.5770535254850984e-05,
          -0.054910816252231598,
          0,
          -0.022394679486751556,
          0.91346782445907593,
          -0.40629419684410095,
          0,
          0.05013660341501236,
          0.40691092610359192,
          0.91209089756011963,
          0,
          0.047523632645606995,
          2.7068395614624023,
          -0.75109308958053589,
          1
        ]
      },
      {
        "date" : 713245599.18376803,
        "title" : "Untitled",
        "transform" : [
          0.99849128723144531,
          5.5771757615730166e-05,
          -0.054910816252231598,
          0,
          -0.022394679486751556,
          0.9134678840637207,
          -0.40629419684410095,
          0,
          0.05013660341501236,
          0.40691089630126953,
          0.91209089756011963,
          0,
          -0.048484016209840775,
          1.5614116191864014,
          0.23333829641342163,
          1
        ]
      },
      {
        "date" : 713245595.68449998,
        "title" : "Untitled",
        "transform" : [
          0.99849128723144531,
          5.5771757615730166e-05,
          -0.054910816252231598,
          0,
          -0.022394679486751556,
          0.9134678840637207,
          -0.40629419684410095,
          0,
          0.05013660341501236,
          0.40691089630126953,
          0.91209089756011963,
          0,
          -0.1051383838057518,
          1.1016029119491577,
          -0.79732429981231689,
          1
        ]
      },
      {
        "date" : 713245585.70034206,
        "title" : "Untitled",
        "transform" : [
          0.99750804901123047,
          7.3826855739866915e-10,
          0.070552535355091095,
          0,
          -0.041034132242202759,
          0.81346702575683594,
          0.5801616907119751,
          0,
          -0.057392161339521408,
          -0.5816110372543335,
          0.81143993139266968,
          0,
          -0.11090291291475296,
          1.1651121377944946,
          -0.73316311836242676,
          1
        ]
      },
      {
        "date" : 713245582.59993196,
        "title" : "Untitled",
        "transform" : [
          0.99750804901123047,
          7.3826855739866915e-10,
          0.070552535355091095,
          0,
          -0.041034132242202759,
          0.81346702575683594,
          0.5801616907119751,
          0,
          -0.057392161339521408,
          -0.5816110372543335,
          0.81143993139266968,
          0,
          -0.10143326967954636,
          1.2610782384872437,
          -0.86705094575881958,
          1
        ]
      },
      {
        "date" : 713245579.11799395,
        "title" : "Untitled",
        "transform" : [
          0.99750804901123047,
          -2.4824986510907365e-10,
          0.070552535355091095,
          0,
          -0.043851260095834732,
          0.78338199853897095,
          0.61999166011810303,
          0,
          -0.055269587785005569,
          -0.62154054641723633,
          0.78142988681793213,
          0,
          -0.10143326967954636,
          1.2610782384872437,
          -0.86705094575881958,
          1
        ]
      },
      {
        "date" : 713245576.80091,
        "title" : "Untitled",
        "transform" : [
          0.99750810861587524,
          2.5642932222069703e-10,
          0.070552542805671692,
          0,
          -0.043851267546415329,
          0.78338199853897095,
          0.6199917197227478,
          0,
          -0.055269595235586166,
          -0.62154054641723633,
          0.78142988681793213,
          0,
          -0.17490629851818085,
          1.1039547920227051,
          -0.94220250844955444,
          1
        ]
      },
      {
        "date" : 713245574.11721396,
        "title" : "Untitled",
        "transform" : [
          0.99750810861587524,
          2.5642932222069703e-10,
          0.070552542805671692,
          0,
          -0.043851267546415329,
          0.78338199853897095,
          0.6199917197227478,
          0,
          -0.055269595235586166,
          -0.62154054641723633,
          0.78142988681793213,
          0,
          -0.17020846903324127,
          1.156785249710083,
          -1.0086240768432617,
          1
        ]
      },
      {
        "date" : 713245568.01885903,
        "title" : "Untitled",
        "transform" : [
          0.99634301662445068,
          1.2708609720135655e-09,
          0.085444167256355286,
          0,
          -0.056706294417381287,
          0.74803006649017334,
          0.66123777627944946,
          0,
          -0.063914798200130463,
          -0.66366481781005859,
          0.74529451131820679,
          0,
          -0.018146634101867676,
          0.90672385692596436,
          -1.2037525177001953,
          1
        ]
      },
      {
        "date" : 713245565.42965698,
        "title" : "Untitled",
        "transform" : [
          0.99873661994934082,
          7.6871886633966824e-10,
          0.050251875072717667,
          0,
          -0.03830278292298317,
          0.64732283353805542,
          0.7612529993057251,
          0,
          -0.032529186457395554,
          -0.76221591234207153,
          0.64650499820709229,
          0,
          -0.067591287195682526,
          1.0660794973373413,
          -1.0632044076919556,
          1
        ]
      }
    ]
  },
  "selectedSceneRelativePath" : "ImmersiveSpace.usda"
}