{
  "advancedEditorSelectedIdentifier" : "ProjectBrowser",
  "openSceneRelativePaths" : [
    "Scene.usda",
    "ImmersiveScene.usda"
  ],
  "recentIdentifiers" : {

  },
  "sceneCameraHistory" : {
    "90C576A0-F90A-43B8-9998-14918A66F863" : [
      {
        "date" : 713244930.23376703,
        "title" : "Untitled",
        "transform" : [
          1,
          0,
          -0,
          0,
          -0,
          0.86602526903152466,
          -0.5000002384185791,
          0,
          0,
          0.5000002384185791,
          0.86602526903152466,
          0,
          0,
          0.37734982371330261,
          0.65358912944793701,
          1
        ]
      }
    ],
    "218E7B9E-CFA5-4710-B560-F74AA6F476CB" : [
      {
        "date" : 713245601.40018296,
        "title" : "Untitled",
        "transform" : [
          0.99849128723144531,
          5.5770535254850984e-05,
          -0.054910816252231598,
          0,
          -0.022394679486751556,
          0.91346782445907593,
          -0.40629419684410095,
          0,
          0.05013660341501236,
          0.40691092610359192,
          0.91209089756011963,
          0,
          0.047523632645606995,
          2.7068395614624023,
          -0.75109308958053589,
          1
        ]
      },
      {
        "date" : 713245599.18376803,
        "title" : "Untitled",
        "transform" : [
          0.99849128723144531,
          5.5771757615730166e-05,
          -0.054910816252231598,
          0,
          -0.022394679486751556,
          0.9134678840637207,
          -0.40629419684410095,
          0,
          0.05013660341501236,
          0.40691089630126953,
          0.91209089756011963,
          0,
          -0.048484016209840775,
          1.5614116191864014,
          0.23333829641342163,
          1
        ]
      },
      {
        "date" : 713245595.68449998,
        "title" : "Untitled",
        "transform" : [
          0.99849128723144531,
          5.5771757615730166e-05,
          -0.054910816252231598,
          0,
          -0.022394679486751556,
          0.9134678840637207,
          -0.40629419684410095,
          0,
          0.05013660341501236,
          0.40691089630126953,
          0.91209089756011963,
          0,
          -0.1051383838057518,
          1.1016029119491577,
          -0.79732429981231689,
          1
        ]
      },
      {
        "date" : 713245585.70034206,
        "title" : "Untitled",
        "transform" : [
          0.99750804901123047,
          7.3826855739866915e-10,
          0.070552535355091095,
          0,
          -0.041034132242202759,
          0.81346702575683594,
          0.5801616907119751,
          0,
          -0.057392161339521408,
          -0.5816110372543335,
          0.81143993139266968,
          0,
          -0.11090291291475296,
          1.1651121377944946,
          -0.73316311836242676,
          1
        ]
      },
      {
        "date" : 713245582.59993196,
        "title" : "Untitled",
        "transform" : [
          0.99750804901123047,
          7.3826855739866915e-10,
          0.070552535355091095,
          0,
          -0.041034132242202759,
          0.81346702575683594,
          0.5801616907119751,
          0,
          -0.057392161339521408,
          -0.5816110372543335,
          0.81143993139266968,
          0,
          -0.10143326967954636,
          1.2610782384872437,
          -0.86705094575881958,
          1
        ]
      },
      {
        "date" : 713245579.11799395,
        "title" : "Untitled",
        "transform" : [
          0.99750804901123047,
          -2.4824986510907365e-10,
          0.070552535355091095,
          0,
          -0.043851260095834732,
          0.78338199853897095,
          0.61999166011810303,
          0,
          -0.055269587785005569,
          -0.62154054641723633,
          0.78142988681793213,
          0,
          -0.10143326967954636,
          1.2610782384872437,
          -0.86705094575881958,
          1
        ]
      },
      {
        "date" : 713245576.80091,
        "title" : "Untitled",
        "transform" : [
          0.99750810861587524,
          2.5642932222069703e-10,
          0.070552542805671692,
          0,
          -0.043851267546415329,
          0.78338199853897095,
          0.6199917197227478,
          0,
          -0.055269595235586166,
          -0.62154054641723633,
          0.78142988681793213,
          0,
          -0.17490629851818085,
          1.1039547920227051,
          -0.94220250844955444,
          1
        ]
      },
      {
        "date" : 713245574.11721396,
        "title" : "Untitled",
        "transform" : [
          0.99750810861587524,
          2.5642932222069703e-10,
          0.070552542805671692,
          0,
          -0.043851267546415329,
          0.78338199853897095,
          0.6199917197227478,
          0,
          -0.055269595235586166,
          -0.62154054641723633,
          0.78142988681793213,
          0,
          -0.17020846903324127,
          1.156785249710083,
          -1.0086240768432617,
          1
        ]
      },
      {
        "date" : 713245568.01885903,
        "title" : "Untitled",
        "transform" : [
          0.99634301662445068,
          1.2708609720135655e-09,
          0.085444167256355286,
          0,
          -0.056706294417381287,
          0.74803006649017334,
          0.66123777627944946,
          0,
          -0.063914798200130463,
          -0.66366481781005859,
          0.74529451131820679,
          0,
          -0.018146634101867676,
          0.90672385692596436,
          -1.2037525177001953,
          1
        ]
      },
      {
        "date" : 713245565.42965698,
        "title" : "Untitled",
        "transform" : [
          0.99873661994934082,
          7.6871886633966824e-10,
          0.050251875072717667,
          0,
          -0.03830278292298317,
          0.64732283353805542,
          0.7612529993057251,
          0,
          -0.032529186457395554,
          -0.76221591234207153,
          0.64650499820709229,
          0,
          -0.067591287195682526,
          1.0660794973373413,
          -1.0632044076919556,
          1
        ]
      }
    ]
  },
  "selectedSceneRelativePath" : "ImmersiveScene.usda"
}